3708            
4               
12              
0               
1               
20              
17409           
0               
0               
0               
17413           
32              
2               
6               
0               
1               

// Volume Independent Parameters
1               
0               
0               
0               
0               
0               
0               
0               
0               
0               
20              
5               
200             
4000            
-85             
-75             
-50             
-21             
0               
-96             
-75             
-50             
-21             
-21             
1               
0               
32              
32              
32              
32              
32              
32              
32              
32              
32              
32              
32              
32              
32              
32              
32              
32              
32              
32              
32              
32              
32              
32              
32              
32              
32              
32              
32              
32              
32              
32              
32              
32              
32              
32              
32              
32              
32              
32              
32              
32              
32              
32              
32              
32              
32              
32              
32              
32              
32              
32              
32              
32              
32              
32              
32              
32              
32              
32              
32              
32              
32              
32              
32              
32              
32              
32              
32              
32              
32              
32              
32              
32              
32              
32              
32              
32              
32              
32              
32              
32              
32              
32              
32              
32              
32              
32              
32              
32              
32              
32              
32              
32              
32              
32              
32              
32              
32              
32              
32              
32              
32              
32              
32              
32              
32              
32              
32              
32              
32              
32              
32              
32              
32              
32              
32              
32              
32              
32              
32              
32              
32              
32              
32              
32              
32              
32              
32              
32              
32              
32              
32              
32              
32              
32              
32              
32              
32              
32              
32              
32              
32              
32              
32              
32              
32              
32              
32              
32              
32              
32              
32              
32              
32              
32              
32              
32              
32              
32              
32              
32              
32              
32              
32              
32              
32              
32              
32              
32              
32              
32              
32              
32              
32              
32              
32              
32              
32              
32              
32              
32              
32              
32              
32              
32              
32              
32              
32              
32              
32              
32              
32              
32              
32              
32              
32              
32              
32              
32              
32              
32              
32              
32              
32              
32              
32              
32              
32              
32              
32              
32              
32              
32              
32              
32              
32              
32              
32              
32              
32              
32              
32              
32              
32              
32              
32              
32              
32              
32              
32              
32              
32              
32              
32              
32              
32              
32              
32              
32              
32              
32              
32              
32              
32              
32              
32              
32              
32              
32              
32              
32              
32              
32              
32              
32              
32              
32              
32              
32              
32              
32              
32              
32              
32              
32              
32              
32              
32              
32              
32              
32              
32              
32              
32              
32              
32              
32              
32              
32              
32              
32              
32              
32              
32              
32              
32              
32              
32              
32              
32              
32              
32              
32              
32              
32              
32              
32              
32              
32              
32              
32              
32              
32              
32              
32              
32              
32              
32              
32              
32              
32              
32              
32              
32              
32              
32              
32              
32              
32              
32              
32              
32              
32              
32              
32              
32              
32              
32              
32              
32              
32              
32              
32              
32              
32              
32              
32              
32              
32              
32              
32              
32              
32              
32              
32              
32              
32              
32              
32              
32              
32              
32              
32              
32              
32              
32              
32              
32              
32              
32              
32              
32              
32              
32              
32              
32              
32              
32              
32              
32              
32              
32              
32              
32              
32              
32              
32              
32              
32              
32              
32              
32              
32              
32              
32              
32              
32              
32              
32              
32              
32              
32              
32              
32              
32              
32              
32              
32              
32              
32              
32              
32              
32              
32              
32              
32              
32              
32              
32              
32              
32              
32              
32              
32              
32              
32              
32              
32              
32              
32              
32              
32              
32              
32              
32              
32              
32              
32              
32              
32              
32              
32              
32              
32              
32              
32              
32              
32              
32              
32              
32              
32              
32              
32              
32              
32              
32              
32              
32              
32              
32              
32              
32              
32              
32              
32              
32              
32              
32              
32              
32              
32              
32              
32              
32              
32              
32              
32              
32              
32              
32              
32              
32              
32              
32              
32              
32              
32              
32              
32              
32              
32              
32              
32              
32              
32              
32              
32              
32              
32              
32              
32              
32              
32              
32              
32              
32              
32              
32              
32              
32              
32              
32              
32              
32              
32              
32              
32              
32              
32              
32              
32              
32              
32              
32              
32              
32              
32              
32              
32              
32              
32              
32              
32              
32              
32              
32              
32              
32              
32              
32              
32              
32              
32              
32              
32              
32              
32              
32              
32              
32              
32              
32              
32              
32              
32              
32              
32              
32              
32              
32              
32              
32              
32              
32              
32              
32              
32              
32              
32              
32              
32              
32              
32              
32              
32              
32              
32              
32              
32              
32              
32              
32              
32              
32              
32              
32              
32              
32              
32              
32              
32              
32              
32              
32              
32              
32              
32              
32              
32              
32              
32              
32              
32              
32              
32              
32              
32              
32              
32              
32              
32              
32              
32              
32              
32              
32              
32              
32              
32              
32              
32              
32              
32              
32              
32              
32              
32              
32              
32              
32              
32              
32              
32              
32              
32              
32              
32              
32              
32              
32              
32              
32              
32              
32              
32              
32              
32              
32              
32              
32              
32              
32              
32              
32              
32              
32              
32              
32              
32              
32              
32              
32              
32              
32              
32              
32              
32              
32              
32              
32              
32              
32              
32              
32              
32              
32              
32              
32              
32              
32              
32              
32              
32              
32              
32              
32              
32              
32              
32              
32              
32              
32              
32              
32              
32              
32              
32              
32              
32              
32              
32              
32              
32              
32              
32              
32              
32              
32              
32              
32              
32              
32              
32              
32              
32              
32              
32              
32              
32              
32              
32              
32              
32              
32              
32              
32              
32              
32              
32              
32              
32              
32              
32              
32              
32              
32              
32              
32              
32              
32              
32              
32              
32              
32              
32              
32              
32              
32              
32              
32              
32              
32              
32              
32              
32              
32              
32              
32              
32              
32              
32              
32              
32              
32              
32              
32              
32              
32              
32              
32              
32              
32              
32              
32              
32              
32              
32              
32              
32              
32              
32              
32              
32              
32              
32              
32              
32              
32              
32              
32              
32              
32              
32              
32              
32              
32              
32              
32              
32              
32              
32              
32              
32              
32              
32              
32              
32              
32              
32              
32              
32              
32              
32              
32              
32              
32              
32              
32              
32              
32              
32              
32              
32              
32              
32              
32              
32              
32              
32              
32              
32              
32              
32              
32              
32              
32              
32              
32              
32              
32              
32              
32              
32              
32              
32              
32              
32              
32              
32              
32              
32              
32              
32              
32              
32              
32              
32              
32              
32              
32              
32              
32              
32              
32              
32              
32              
32              
32              
32              
32              
32              
32              
32              
32              
32              
32              
32              
32              
32              
32              
32              
32              
32              
32              
32              
32              
32              
32              
32              
32              
32              
32              
32              
32              
32              
32              
32              
32              
32              
32              
32              
32              
32              
32              
32              
32              
32              
32              
32              
32              
32              
32              
32              
32              
32              
32              
32              
32              
32              
32              
32              
32              
32              
32              
32              
32              
32              
32              
32              
32              
32              
32              
32              
32              
32              
32              
32              
32              
32              
32              
32              
32              
32              
32              
32              
32              
32              
32              
32              
32              
32              
32              
32              
32              
32              
32              
32              
32              
32              
32              
32              
32              
32              
32              
32              
32              
32              
32              
32              
32              
32              
32              
32              
32              
32              
32              
32              
32              
32              
32              
32              
32              
32              
32              
32              
32              
32              
32              
32              
32              
32              
32              
32              
32              
32              
32              
32              
32              
32              
32              
32              
32              
32              
32              
32              
32              
32              
32              
32              
32              
32              
32              
32              
32              
32              
32              
32              
32              
32              
32              
32              
32              
32              
32              
32              
32              
32              
32              
32              
32              
32              
32              
32              
32              
32              
32              
32              
32              
32              
32              
32              
32              
32              
32              
32              
32              
32              
32              
32              
32              
32              
32              
32              
32              
32              
32              
32              
32              
32              
32              
32              
32              
32              
32              
32              
32              
32              
32              
32              
32              
32              
32              
32              
32              
32              
32              
32              
32              
32              
32              
32              
32              
32              
32              
32              
32              
32              
32              
32              
32              
32              
32              
32              
32              
32              
32              
32              
32              
32              
32              
32              
32              
32              
32              
32              
32              
32              
32              
32              
32              
32              
32              
32              
32              
32              
32              
32              
32              
32              
32              
32              
32              
32              
32              
32              
32              
32              
32              
32              
32              
32              
32              
32              
32              
32              
32              
32              
32              
32              
32              
32              
32              
32              
32              
32              
32              
32              
32              
32              
32              
32              
32              
32              
32              
32              
32              
32              
32              
32              
32              
32              
32              
32              
32              
32              
32              
32              
32              
32              
32              
32              
32              
32              
32              
32              
32              
32              
32              
32              
32              
32              
32              
32              
32              
32              
32              
32              
32              
32              
32              
32              
32              
32              
32              
32              
32              
32              
32              
32              
32              
32              
32              
32              
32              
32              
32              
32              
32              
32              
32              
32              
32              
32              
32              
32              
32              
32              
32              
32              
32              
32              
32              
32              
32              
32              
32              
32              
32              
32              
32              
32              
32              
32              
32              
32              
32              
32              
32              
32              
32              
32              
32              
32              
32              
32              
32              
32              
32              
32              
32              
32              
32              
32              
32              
32              
32              
32              
32              
32              
32              
32              
32              
32              
32              
32              
32              
32              
32              
32              
32              
32              
32              
32              
32              
32              
32              
32              
32              
32              
32              
32              
32              
32              
32              
32              
32              
32              
32              
32              
32              
32              
32              
32              
32              
32              
32              
32              
32              
32              
32              
32              
32              
32              
32              
32              
32              
32              
32              
32              
32              
32              
32              
32              
32              
32              
32              
32              
32              
32              
32              
32              
32              
32              
32              
32              
32              
32              
32              
32              
32              
32              
32              
32              
32              
32              
32              
32              
32              
32              
32              
32              
32              
32              
32              
32              
32              
32              
32              
32              
32              
32              
32              
32              
32              
32              
32              
32              
32              
32              
32              
32              
32              
32              
32              
32              
32              
32              
32              
32              
32              
32              
32              
32              
32              
32              
32              
32              
32              
32              
32              
32              
32              
32              
32              
32              
32              
32              
32              
32              
32              
32              
32              
32              
32              
32              
32              
32              
32              
32              
32              
32              
32              
32              
32              
32              
32              
32              
32              
32              
32              
32              
32              
32              
32              
32              
32              
32              
32              
32              
32              
32              
32              
32              
32              
32              
32              
32              
32              
32              
32              
32              
32              
32              
32              
32              
32              
32              
32              
32              
32              
32              
32              
32              
32              
32              
32              
32              
32              
32              
32              
32              
32              
32              
32              
32              
32              
32              
32              
32              
32              
32              
32              
32              
32              
32              
32              
32              
32              
32              
32              
32              
32              
32              
32              
32              
32              
32              
32              
32              
32              
32              
32              
32              
32              
32              
32              
32              
32              
32              
32              
32              
32              
32              
32              
32              
32              
32              
32              
32              
32              
32              
32              
32              
32              
32              
32              
32              
32              
32              
32              
32              
32              
32              
32              
32              
32              
32              
32              
32              
32              
32              
32              
32              
32              
32              
32              
32              
32              
32              
32              
32              
32              
32              
32              
32              
32              
32              
32              
32              
32              
32              
32              
32              
32              
32              
32              
32              
32              
32              
32              
32              
32              
32              
32              
32              
32              
32              
32              
32              
32              
32              
32              
32              
32              
32              
32              
32              
32              
32              
32              
32              
32              
32              
32              
32              
32              
32              
32              
32              
32              
32              
32              
32              
32              
32              
32              
32              
32              
32              
32              
32              
32              
32              
32              
32              
32              
32              
32              
32              
32              
32              
32              
32              
32              
32              
32              
32              
32              
32              
32              
32              
32              
32              
32              
32              
32              
32              
32              
32              
32              
32              
32              
32              
32              
32              
32              
32              
32              
32              
32              
32              
32              
32              
32              
32              
32              
32              
32              
32              
32              
32              
32              
32              
32              
32              
32              
32              
32              
32              
32              
32              
32              
32              
32              
32              
32              
32              
32              
32              
32              
32              
32              
32              
32              
32              
32              
32              
32              
32              
32              
32              
32              
32              
32              
32              
32              
32              
32              
32              
32              
32              
32              
32              
32              
32              
32              
32              
32              
32              
32              
32              
32              
32              
32              
32              
32              
32              
32              
32              
32              
32              
32              
32              
32              
32              
32              
32              
32              
32              
32              
32              
32              
32              
32              
32              
32              
32              
32              
32              
32              
32              
32              
32              
32              
32              
32              
32              
32              
32              
32              
32              
32              
32              
32              
32              
32              
32              
32              
32              
32              
32              
32              
32              
32              
32              
32              
32              
32              
32              
32              
32              
32              
32              
32              
32              
32              
32              
32              
32              
32              
32              
32              
32              
32              
32              
32              
32              
32              
32              
32              
32              
32              
32              
32              
32              
32              
32              
32              
32              
32              
32              
32              
32              
32              
32              
32              
32              
32              
32              
32              
32              
32              
32              
32              
32              
32              
32              
32              
32              
32              
32              
32              
32              
32              
32              
32              
32              
32              
32              
32              
32              
32              
32              
32              
32              
32              
32              
32              
32              
32              
32              
32              
32              
32              
32              
32              
32              
32              
32              
32              
32              
32              
32              
32              
32              
32              
32              
32              
32              
32              
32              
32              
32              
32              
32              
32              
32              
32              
32              
32              
32              
32              
32              
32              
32              
32              
32              
32              
32              
32              
32              
32              
32              
32              
32              
32              
32              
32              
32              
32              
32              
32              
32              
32              
32              
32              
32              
32              
32              
32              
32              
32              
32              
32              
32              
32              
32              
32              
32              
32              
32              
32              
32              
32              
32              
32              
32              
32              
32              
32              
32              
32              
32              
32              
32              
32              
32              
32              
32              
32              
32              
32              
32              
32              
32              
32              
32              
32              
32              
32              
32              
32              
32              
32              
32              
32              
32              
32              
32              
32              
32              
32              
32              
32              
32              
32              
32              
32              
32              
32              
32              
32              
32              
32              
32              
32              
32              
32              
32              
32              
32              
32              
32              
32              
32              
32              
32              
32              
32              
32              
32              
32              
32              
32              
32              
32              
32              
32              
32              
32              
32              
32              
32              
32              
32              
32              
32              
32              
32              
32              
32              
32              
32              
32              
32              
32              
32              
32              
32              
32              
32              
32              
32              
32              
32              
32              
32              
32              
32              
32              
32              
32              
32              
32              
32              
32              
32              
32              
32              
32              
32              
32              
32              
32              
32              
32              
32              
32              
32              
32              
32              
32              
32              
32              
32              
32              
32              
32              
32              
32              
32              
32              
32              
32              
32              
32              
32              
32              
32              
32              
32              
32              
32              
32              
32              
32              
32              
32              
32              
32              
32              
32              
32              
32              
32              
32              
32              
32              
32              
32              
32              
32              
32              
32              
32              
32              
32              
32              
32              
32              
32              
32              
32              
32              
32              
32              
32              
32              
32              
32              
32              
32              
32              
32              
32              
32              
32              
32              
32              
32              
32              
32              
32              
32              
32              
32              
32              
32              
32              
32              
32              
32              
32              
32              
32              
32              
32              
32              
32              
32              
32              
32              
32              
32              
32              
32              
32              
32              
32              
32              
32              
32              
32              
32              
32              
32              
32              
32              
32              
32              
32              
32              
32              
32              
32              
32              
32              
32              
32              
32              
32              
32              
32              
32              
32              
32              
32              
32              
32              
32              
32              
32              
32              
32              
32              
32              
32              
32              
32              
32              
32              
32              
32              
32              
32              
32              
32              
32              
32              
32              
32              
32              
32              
32              
32              
32              
32              
32              
32              
32              
32              
32              
32              
32              
32              
32              
32              
32              
32              
32              
32              
32              
32              
32              
32              
32              
32              
32              
32              
32              
32              
32              
32              
32              
32              
32              
32              
32              
32              
32              
32              
32              
32              
32              
32              
32              
32              
32              
32              
32              
32              
32              
32              
32              
32              
32              
32              
32              
32              
32              
32              
32              
32              
32              
32              
32              
32              
32              
32              
32              
32              
32              
32              
32              
32              
32              
32              
32              
32              
32              
32              
32              
32              
32              
32              
32              
32              
32              
32              
32              
32              
32              
32              
32              
32              
32              
32              
32              
32              
32              
32              
32              
32              
32              
32              
32              
32              
32              
32              
32              
32              
32              
32              
32              
32              
32              
32              
32              
32              
32              
32              
32              
32              
32              
32              
32              
32              
32              
32              
32              
32              
32              
32              
32              
32              
32              
32              
32              
32              
32              
32              
32              
32              
32              
32              
32              
32              
32              
32              
32              
32              
32              
32              
32              
32              
32              
32              
32              
32              
32              
0               
33              
32767           
30              
100             
50              
50              
-6              
-6              
-12             
-12             
0               
1               
200             
0               
0               
0               
32767           
6               
-12             
12              
-56             
-54             
-65             
-72             
-79             
-83             
-86             
-88             
-89             
-90             
-91             
-93             
-93             
-95             
-95             
-96             
-96             
-95             
-95             
-96             
-97             
-97             
-98             
-98             
-98             
-99             
-99             
-99             
-98             
-99             
-99             
-99             
-99             
-98             
-98             
-100            
-99             
-100            
-99             
-100            
-100            
-100            
-101            
-102            
-103            
-102            
-103            
-104            
-102            
-100            
-101            
-103            
-104            
-104            
-104            
-104            
-103            
-104            
-104            
-104            
-104            
-105            
-104            
-104            
-102            
-104            
-102            
-102            
-103            
-103            
-104            
-105            
-104            
-106            
-106            
-106            
-106            
-106            
-106            
-106            
-107            
-106            
-106            
-106            
-105            
-105            
-107            
-106            
-107            
-106            
-106            
-107            
-106            
-106            
-105            
-106            
-106            
-105            
-106            
-106            
-106            
-106            
-106            
-107            
-107            
-105            
-107            
-107            
-107            
-107            
-107            
-107            
-107            
-108            
-108            
-108            
-108            
-108            
-108            
-109            
-109            
-108            
-109            
-109            
-109            
-108            
-108            
-109            
-108            
-108            
-108            
-108            
-108            
-108            
-109            
-109            
-108            
-109            
-109            
-109            
-108            
-108            
-108            
-108            
-109            
-108            
-108            
-109            
-110            
-109            
-109            
-109            
-110            
-110            
-109            
-109            
-109            
-109            
-109            
-110            
-110            
-109            
-109            
-109            
-109            
-109            
-110            
-110            
-110            
-109            
-110            
-109            
-109            
-110            
-110            
-110            
-110            
-110            
-110            
-110            
-110            
-110            
-109            
-109            
-109            
-109            
-109            
-110            
-110            
-109            
-109            
-111            
-109            
-110            
-110            
-110            
-110            
-111            
-110            
-111            
-111            
-110            
-110            
-111            
-111            
-110            
-111            
-110            
-110            
-111            
-110            
-111            
-110            
-109            
-110            
-109            
-111            
-111            
-111            
-111            
-110            
-111            
-111            
-111            
-111            
-110            
-110            
-111            
-110            
-110            
-110            
-110            
-111            
-109            
-111            
-110            
-111            
-111            
-111            
-112            
-112            
-111            
-112            
-112            
-112            
-111            
-111            
-112            
-111            
-112            
-111            
-111            
-111            
-111            
-111            
-111            
-109            
-111            
-111            
-110            
-111            
-111            
-111            
-112            
-111            
-111            
-111            
-111            
-111            
-111            
-112            
-111            
-112            
-112            
-111            
-111            
-112            
-111            
-112            
-112            
-112            
-112            
-112            
-112            
-111            
-111            
-111            
-112            
-111            
-112            
-111            
-112            
-111            
-111            
-111            
-111            
-111            
-111            
-111            
-112            
-112            
-112            
-111            
-111            
-111            
-112            
-112            
-111            
-112            
-111            
-112            
-112            
-112            
-112            
-112            
-111            
-112            
-112            
-112            
-112            
-111            
-113            
-112            
-112            
-112            
-112            
-112            
-112            
-112            
-112            
-112            
-113            
-112            
-112            
-112            
-112            
-112            
-112            
-112            
-112            
-112            
-112            
-112            
-111            
-113            
-112            
-112            
-112            
-112            
-112            
-112            
-113            
-113            
-112            
-113            
-112            
-112            
-113            
-112            
-112            
-112            
-111            
-112            
-112            
-113            
-112            
-113            
-113            
-113            
-113            
-112            
-112            
-112            
-112            
-112            
-112            
-112            
-113            
-113            
-112            
-112            
-112            
-112            
-112            
-110            
-112            
-112            
-112            
-113            
-112            
-112            
-112            
-112            
-112            
-112            
-112            
-113            
-112            
-113            
-112            
-112            
-112            
-111            
-112            
-112            
-112            
-112            
-113            
-113            
-113            
-113            
-112            
-112            
-113            
-113            
-113            
-113            
-113            
-113            
-113            
-114            
-113            
-113            
-113            
-113            
-112            
-112            
-112            
-112            
-112            
-113            
-113            
-113            
-112            
-112            
-114            
-113            
-113            
-113            
-113            
-113            
-113            
-113            
-113            
-113            
-112            
-113            
-113            
-112            
-113            
-113            
-113            
-113            
-113            
-113            
-113            
-113            
-113            
-113            
-114            
-113            
-113            
-113            
-113            
-113            
-113            
-113            
-113            
-113            
-113            
-112            
-112            
-113            
-113            
-113            
-113            
-112            
-113            
-113            
-113            
-113            
-112            
-113            
-113            
-113            
-113            
-113            
-113            
-113            
-112            
-113            
-113            
-113            
-113            
-113            
-113            
-113            
-113            
-113            
-113            
-113            
-112            
-113            
-112            
-113            
-113            
-113            
-114            
-114            
-114            
-114            
-115            
-116            
-56             
-54             
-65             
-72             
-79             
-83             
-86             
-88             
-89             
-90             
-91             
-93             
-93             
-95             
-95             
-96             
-96             
-95             
-95             
-96             
-97             
-97             
-98             
-98             
-98             
-99             
-99             
-99             
-98             
-99             
-99             
-99             
-99             
-98             
-98             
-100            
-99             
-100            
-99             
-100            
-100            
-100            
-101            
-102            
-103            
-102            
-103            
-104            
-102            
-100            
-101            
-103            
-104            
-104            
-104            
-104            
-103            
-104            
-104            
-104            
-104            
-105            
-104            
-104            
-102            
-104            
-102            
-102            
-103            
-103            
-104            
-105            
-104            
-106            
-106            
-106            
-106            
-106            
-106            
-106            
-107            
-106            
-106            
-106            
-105            
-105            
-107            
-106            
-107            
-106            
-106            
-107            
-106            
-106            
-105            
-106            
-106            
-105            
-106            
-106            
-106            
-106            
-106            
-107            
-107            
-105            
-107            
-107            
-107            
-107            
-107            
-107            
-107            
-108            
-108            
-108            
-108            
-108            
-108            
-109            
-109            
-108            
-109            
-109            
-109            
-108            
-108            
-109            
-108            
-108            
-108            
-108            
-108            
-108            
-109            
-109            
-108            
-109            
-109            
-109            
-108            
-108            
-108            
-108            
-109            
-108            
-108            
-109            
-110            
-109            
-109            
-109            
-110            
-110            
-109            
-109            
-109            
-109            
-109            
-110            
-110            
-109            
-109            
-109            
-109            
-109            
-110            
-110            
-110            
-109            
-110            
-109            
-109            
-110            
-110            
-110            
-110            
-110            
-110            
-110            
-110            
-110            
-109            
-109            
-109            
-109            
-109            
-110            
-110            
-109            
-109            
-111            
-109            
-110            
-110            
-110            
-110            
-111            
-110            
-111            
-111            
-110            
-110            
-111            
-111            
-110            
-111            
-110            
-110            
-111            
-110            
-111            
-110            
-109            
-110            
-109            
-111            
-111            
-111            
-111            
-110            
-111            
-111            
-111            
-111            
-110            
-110            
-111            
-110            
-110            
-110            
-110            
-111            
-109            
-111            
-110            
-111            
-111            
-111            
-112            
-112            
-111            
-112            
-112            
-112            
-111            
-111            
-112            
-111            
-112            
-111            
-111            
-111            
-111            
-111            
-111            
-109            
-111            
-111            
-110            
-111            
-111            
-111            
-112            
-111            
-111            
-111            
-111            
-111            
-111            
-112            
-111            
-112            
-112            
-111            
-111            
-112            
-111            
-112            
-112            
-112            
-112            
-112            
-112            
-111            
-111            
-111            
-112            
-111            
-112            
-111            
-112            
-111            
-111            
-111            
-111            
-111            
-111            
-111            
-112            
-112            
-112            
-111            
-111            
-111            
-112            
-112            
-111            
-112            
-111            
-112            
-112            
-112            
-112            
-112            
-111            
-112            
-112            
-112            
-112            
-111            
-113            
-112            
-112            
-112            
-112            
-112            
-112            
-112            
-112            
-112            
-113            
-112            
-112            
-112            
-112            
-112            
-112            
-112            
-112            
-112            
-112            
-112            
-111            
-113            
-112            
-112            
-112            
-112            
-112            
-112            
-113            
-113            
-112            
-113            
-112            
-112            
-113            
-112            
-112            
-112            
-111            
-112            
-112            
-113            
-112            
-113            
-113            
-113            
-113            
-112            
-112            
-112            
-112            
-112            
-112            
-112            
-113            
-113            
-112            
-112            
-112            
-112            
-112            
-110            
-112            
-112            
-112            
-113            
-112            
-112            
-112            
-112            
-112            
-112            
-112            
-113            
-112            
-113            
-112            
-112            
-112            
-111            
-112            
-112            
-112            
-112            
-113            
-113            
-113            
-113            
-112            
-112            
-113            
-113            
-113            
-113            
-113            
-113            
-113            
-114            
-113            
-113            
-113            
-113            
-112            
-112            
-112            
-112            
-112            
-113            
-113            
-113            
-112            
-112            
-114            
-113            
-113            
-113            
-113            
-113            
-113            
-113            
-113            
-113            
-112            
-113            
-113            
-112            
-113            
-113            
-113            
-113            
-113            
-113            
-113            
-113            
-113            
-113            
-114            
-113            
-113            
-113            
-113            
-113            
-113            
-113            
-113            
-113            
-113            
-112            
-112            
-113            
-113            
-113            
-113            
-112            
-113            
-113            
-113            
-113            
-112            
-113            
-113            
-113            
-113            
-113            
-113            
-113            
-112            
-113            
-113            
-113            
-113            
-113            
-113            
-113            
-113            
-113            
-113            
-113            
-112            
-113            
-112            
-113            
-113            
-113            
-114            
-114            
-114            
-114            
-115            
-116            
0               
0               
6               
0               
-15             
1               
0               
-12             
2344            
4687            
0               
-15             
-3              
-20             
1               
9830            
1638            
655             
0               
-20             
0               
-20             
300             
300             
0               
0               
0               
0               
32767           
0               
4               
10976           
0               
-96             
28642           
0               
0               
-13             
27000           
27000           
27000           
27000           
16384           
-12             
-18             
96              
440             
6826            
6826            
6826            
6826            
6826            
0               
1               
20              
-3              
-15             
-15             
1               
0               
-6              
-6              
1000            
1000            
3               
3               
0               
0               
300             
0               
100             
1               
0               
16000           
1               
50              
3               
-1536           
19000           
100             
-1024           
9500            
100             
-1024           
14000           
100             
0               
19000           
100             
0               
200             
100             
0               
13199           
200             
0               
300             
200             
0               
1000            
100             
0               
20              
96              
0               
20              
96              
2               
0               
200             
100             
-16             
2000            
100             
-16             
1               
1               
20              
5               
0               
20              
0               
0               
200             
4000            
-96             
-80             
-50             
-30             
0               
-96             
-80             
-50             
-30             
0               
1               
0               
700             
2               
1               
20              
0               
0               
10000           
10000           
-96             
0               
0               
0               
0               
-96             
0               
0               
0               
0               
1               
0               
20              
2               
1               
20              
0               
0               
10000           
10000           
-96             
0               
0               
0               
0               
-96             
0               
0               
0               
0               
1               
0               
20              
2               
1               
20              
0               
0               
10000           
10000           
-96             
0               
0               
0               
0               
-96             
0               
0               
0               
0               
1               
0               
20              
2               
1               
20              
0               
0               
10000           
10000           
-96             
0               
0               
0               
0               
-96             
0               
0               
0               
0               
1               
0               
1               
20              
5               
0               
20              
0               
0               
200             
4000            
-85             
-75             
-50             
-23             
0               
-96             
-75             
-50             
-23             
-23             
0               
0               
1               
-1              
20              
0               
0               
90              
75              
100             
10              
10              
0               
0               
-20             
-20             
-40             
-20             
-6              
1               
50              
200             
10              
0               
0               
0               
0               
0               
0               
0               
0               
165             
0               
0               
0               
4               
4               
10              
0               
0               
1               
2               
1               
0               
0               
0               
0               
0               
-31             
1               
15              
96              
86              
6826            
6826            
6826            
6826            
6826            
6826            
6826            
6826            
6826            
6826            

// Volume 0
