3708            
4               
12              
0               
1               
20              
17409           
0               
0               
0               
17413           
32              
2               
6               
0               
1               

// Volume Independent Parameters
1               
0               
0               
0               
0               
6               
0               
0               
0               
0               
20              
5               
2000            
5000            
-96             
-85             
-50             
-28             
0               
-96             
-85             
-50             
-28             
-28             
1               
0               
32              
32              
32              
32              
32              
42              
41              
34              
33              
34              
35              
32              
28              
27              
27              
29              
32              
38              
46              
48              
39              
30              
25              
24              
25              
29              
33              
36              
40              
45              
48              
44              
36              
32              
29              
27              
26              
27              
29              
33              
41              
47              
46              
41              
39              
40              
41              
41              
39              
37              
36              
38              
41              
44              
45              
44              
43              
41              
39              
37              
36              
36              
36              
38              
39              
40              
40              
39              
38              
38              
38              
38              
38              
37              
38              
38              
38              
38              
38              
38              
38              
38              
38              
39              
39              
39              
40              
40              
41              
41              
41              
41              
41              
41              
41              
41              
41              
41              
41              
41              
40              
40              
39              
39              
39              
39              
38              
38              
38              
38              
37              
37              
37              
37              
36              
36              
36              
36              
35              
35              
34              
34              
34              
33              
33              
33              
33              
32              
32              
32              
32              
32              
31              
31              
31              
31              
31              
31              
31              
31              
31              
31              
31              
31              
31              
31              
31              
31              
32              
32              
32              
32              
32              
33              
33              
33              
34              
34              
35              
35              
35              
36              
36              
36              
36              
36              
36              
37              
37              
37              
37              
37              
37              
37              
37              
37              
36              
36              
36              
36              
36              
36              
36              
36              
36              
35              
35              
34              
34              
34              
33              
33              
33              
33              
32              
32              
31              
31              
31              
30              
30              
30              
30              
29              
29              
29              
28              
28              
27              
27              
26              
26              
26              
25              
25              
25              
24              
24              
23              
23              
23              
22              
22              
22              
22              
22              
22              
21              
21              
21              
21              
21              
21              
21              
21              
21              
21              
21              
21              
21              
21              
21              
21              
21              
21              
21              
21              
21              
21              
22              
22              
22              
22              
22              
22              
22              
22              
22              
22              
22              
22              
21              
21              
21              
20              
20              
20              
19              
19              
19              
19              
19              
18              
18              
18              
18              
17              
17              
17              
17              
17              
16              
16              
16              
16              
15              
15              
15              
14              
14              
14              
14              
13              
13              
13              
13              
12              
12              
12              
12              
11              
11              
11              
10              
10              
10              
10              
9               
9               
9               
9               
8               
8               
8               
8               
8               
8               
7               
7               
7               
7               
7               
7               
7               
6               
6               
6               
6               
6               
6               
6               
5               
5               
5               
5               
5               
5               
5               
5               
5               
5               
5               
4               
4               
4               
4               
4               
4               
4               
4               
4               
4               
4               
4               
4               
4               
4               
4               
4               
4               
4               
4               
4               
4               
4               
4               
4               
4               
4               
4               
4               
4               
4               
4               
4               
4               
4               
4               
4               
4               
4               
4               
4               
4               
4               
5               
5               
5               
5               
5               
5               
5               
5               
5               
5               
6               
6               
6               
6               
6               
6               
6               
6               
6               
6               
6               
6               
6               
6               
6               
6               
7               
7               
7               
7               
7               
7               
7               
7               
7               
7               
7               
7               
7               
7               
8               
8               
8               
8               
8               
8               
8               
8               
8               
9               
9               
9               
9               
9               
9               
10              
10              
10              
10              
10              
11              
11              
11              
11              
11              
11              
11              
12              
12              
12              
12              
12              
13              
13              
13              
13              
13              
14              
14              
14              
14              
14              
14              
14              
14              
14              
14              
14              
14              
14              
14              
14              
14              
14              
14              
14              
14              
14              
14              
14              
14              
15              
15              
15              
15              
15              
15              
14              
14              
14              
14              
14              
14              
15              
15              
15              
15              
15              
15              
15              
15              
15              
16              
16              
16              
16              
16              
16              
16              
16              
17              
17              
18              
18              
18              
18              
18              
18              
17              
17              
17              
17              
17              
16              
16              
15              
14              
13              
13              
13              
13              
13              
13              
12              
12              
11              
11              
10              
10              
9               
9               
9               
9               
9               
9               
8               
8               
8               
8               
8               
7               
7               
7               
7               
7               
7               
7               
7               
7               
7               
7               
7               
7               
7               
7               
7               
7               
7               
7               
7               
7               
7               
7               
11              
11              
32              
32              
32              
32              
32              
47              
43              
37              
36              
36              
35              
33              
29              
27              
26              
28              
32              
39              
41              
38              
31              
27              
26              
27              
30              
36              
43              
44              
43              
43              
43              
41              
34              
29              
28              
31              
37              
44              
47              
46              
42              
40              
40              
41              
40              
39              
37              
37              
38              
42              
45              
47              
47              
44              
40              
37              
35              
35              
37              
39              
40              
41              
41              
41              
40              
39              
38              
36              
35              
35              
35              
36              
37              
37              
38              
39              
39              
39              
39              
39              
39              
40              
40              
41              
41              
42              
42              
42              
42              
42              
42              
42              
43              
43              
43              
43              
43              
43              
43              
43              
43              
43              
42              
42              
43              
42              
42              
42              
42              
42              
41              
41              
41              
41              
40              
40              
40              
39              
39              
38              
38              
38              
37              
37              
37              
37              
36              
36              
36              
35              
35              
35              
35              
34              
34              
34              
34              
34              
34              
33              
33              
33              
33              
33              
33              
33              
33              
33              
33              
33              
33              
32              
32              
32              
32              
32              
32              
32              
32              
32              
32              
32              
32              
32              
32              
32              
32              
32              
32              
32              
32              
32              
32              
32              
32              
32              
32              
32              
33              
33              
33              
33              
33              
33              
33              
33              
33              
34              
34              
34              
34              
34              
34              
33              
33              
33              
33              
33              
33              
33              
33              
33              
33              
33              
32              
32              
32              
31              
31              
31              
31              
30              
30              
29              
29              
28              
28              
28              
27              
27              
27              
26              
26              
26              
25              
25              
25              
25              
24              
24              
24              
24              
24              
23              
23              
23              
22              
22              
22              
22              
21              
21              
21              
21              
21              
21              
20              
20              
20              
20              
20              
20              
20              
19              
19              
19              
19              
19              
19              
19              
19              
19              
19              
19              
19              
19              
19              
19              
19              
18              
18              
18              
18              
17              
17              
17              
17              
16              
16              
15              
15              
15              
14              
14              
14              
14              
14              
13              
13              
13              
12              
12              
12              
12              
12              
11              
11              
11              
11              
11              
10              
10              
10              
10              
10              
10              
10              
9               
9               
9               
9               
9               
9               
9               
8               
8               
8               
8               
8               
8               
8               
8               
7               
7               
7               
7               
7               
7               
7               
6               
6               
6               
6               
6               
6               
6               
6               
6               
5               
5               
5               
5               
5               
5               
5               
5               
5               
5               
5               
5               
5               
5               
4               
4               
4               
4               
4               
4               
4               
4               
4               
4               
4               
4               
4               
4               
4               
4               
4               
4               
4               
4               
4               
4               
4               
4               
4               
4               
4               
4               
4               
4               
5               
5               
5               
5               
5               
5               
5               
5               
5               
5               
6               
6               
6               
6               
6               
6               
6               
6               
6               
7               
7               
7               
7               
7               
7               
7               
7               
7               
7               
7               
7               
7               
8               
8               
8               
8               
8               
8               
8               
8               
8               
8               
8               
8               
9               
9               
9               
9               
9               
9               
9               
9               
9               
9               
10              
10              
10              
10              
10              
10              
10              
10              
10              
11              
11              
11              
11              
11              
12              
12              
12              
12              
12              
12              
13              
13              
13              
13              
13              
13              
13              
13              
14              
14              
14              
14              
14              
14              
15              
15              
15              
15              
16              
16              
16              
16              
17              
17              
17              
17              
17              
18              
18              
18              
18              
18              
18              
19              
19              
19              
19              
19              
19              
19              
19              
20              
20              
20              
20              
20              
20              
20              
20              
20              
20              
20              
21              
21              
21              
21              
21              
21              
21              
20              
20              
20              
20              
20              
20              
19              
19              
18              
17              
16              
15              
14              
14              
13              
13              
13              
12              
12              
11              
11              
11              
10              
10              
10              
10              
9               
9               
8               
8               
7               
7               
7               
7               
6               
6               
6               
6               
6               
6               
7               
7               
7               
7               
7               
7               
7               
7               
7               
7               
7               
7               
7               
7               
7               
7               
7               
7               
7               
7               
7               
7               
7               
11              
11              
32              
32              
32              
32              
32              
32              
32              
32              
32              
32              
32              
32              
32              
32              
32              
32              
32              
32              
32              
32              
32              
32              
32              
32              
32              
32              
32              
32              
32              
32              
32              
32              
32              
32              
32              
32              
32              
32              
32              
32              
32              
32              
32              
32              
32              
32              
32              
32              
32              
32              
32              
32              
32              
32              
32              
32              
32              
32              
32              
32              
32              
32              
32              
32              
32              
32              
32              
32              
32              
32              
32              
32              
32              
32              
32              
32              
32              
32              
32              
32              
32              
32              
32              
32              
32              
32              
32              
32              
32              
32              
32              
32              
32              
32              
32              
32              
32              
32              
32              
32              
32              
32              
32              
32              
32              
32              
32              
32              
32              
32              
32              
32              
32              
32              
32              
32              
32              
32              
32              
32              
32              
32              
32              
32              
32              
32              
32              
32              
32              
32              
32              
32              
32              
32              
32              
32              
32              
32              
32              
32              
32              
32              
32              
32              
32              
32              
32              
32              
32              
32              
32              
32              
32              
32              
32              
32              
32              
32              
32              
32              
32              
32              
32              
32              
32              
32              
32              
32              
32              
32              
32              
32              
32              
32              
32              
32              
32              
32              
32              
32              
32              
32              
32              
32              
32              
32              
32              
32              
32              
32              
32              
32              
32              
32              
32              
32              
32              
32              
32              
32              
32              
32              
32              
32              
32              
32              
32              
32              
32              
32              
32              
32              
32              
32              
32              
32              
32              
32              
32              
32              
32              
32              
32              
32              
32              
32              
32              
32              
32              
32              
32              
32              
32              
32              
32              
32              
32              
32              
32              
32              
32              
32              
32              
32              
32              
32              
32              
32              
32              
32              
32              
32              
32              
32              
32              
32              
32              
32              
32              
32              
32              
32              
32              
32              
32              
32              
32              
32              
32              
32              
32              
32              
32              
32              
32              
32              
32              
32              
32              
32              
32              
32              
32              
32              
32              
32              
32              
32              
32              
32              
32              
32              
32              
32              
32              
32              
32              
32              
32              
32              
32              
32              
32              
32              
32              
32              
32              
32              
32              
32              
32              
32              
32              
32              
32              
32              
32              
32              
32              
32              
32              
32              
32              
32              
32              
32              
32              
32              
32              
32              
32              
32              
32              
32              
32              
32              
32              
32              
32              
32              
32              
32              
32              
32              
32              
32              
32              
32              
32              
32              
32              
32              
32              
32              
32              
32              
32              
32              
32              
32              
32              
32              
32              
32              
32              
32              
32              
32              
32              
32              
32              
32              
32              
32              
32              
32              
32              
32              
32              
32              
32              
32              
32              
32              
32              
32              
32              
32              
32              
32              
32              
32              
32              
32              
32              
32              
32              
32              
32              
32              
32              
32              
32              
32              
32              
32              
32              
32              
32              
32              
32              
32              
32              
32              
32              
32              
32              
32              
32              
32              
32              
32              
32              
32              
32              
32              
32              
32              
32              
32              
32              
32              
32              
32              
32              
32              
32              
32              
32              
32              
32              
32              
32              
32              
32              
32              
32              
32              
32              
32              
32              
32              
32              
32              
32              
32              
32              
32              
32              
32              
32              
32              
32              
32              
32              
32              
32              
32              
32              
32              
32              
32              
32              
32              
32              
32              
32              
32              
32              
32              
32              
32              
32              
32              
32              
32              
32              
32              
32              
32              
32              
32              
32              
32              
32              
32              
32              
32              
32              
32              
32              
32              
32              
32              
32              
32              
32              
32              
32              
32              
32              
32              
32              
32              
32              
32              
32              
32              
32              
32              
32              
32              
32              
32              
32              
32              
32              
32              
32              
32              
32              
32              
32              
32              
32              
32              
32              
32              
32              
32              
32              
32              
32              
32              
32              
32              
32              
32              
32              
32              
32              
32              
32              
32              
32              
32              
32              
32              
32              
32              
32              
32              
32              
32              
32              
32              
32              
32              
32              
32              
32              
32              
32              
32              
32              
32              
32              
32              
32              
32              
32              
32              
32              
32              
32              
32              
32              
32              
32              
32              
32              
32              
32              
32              
32              
32              
32              
32              
32              
32              
32              
32              
32              
32              
32              
32              
32              
32              
32              
32              
32              
32              
32              
32              
32              
32              
32              
32              
32              
32              
32              
32              
32              
32              
32              
32              
32              
32              
32              
32              
32              
32              
32              
32              
32              
32              
32              
32              
32              
32              
32              
32              
32              
32              
32              
32              
32              
32              
32              
32              
32              
32              
32              
32              
32              
32              
32              
32              
32              
32              
32              
32              
32              
32              
32              
32              
32              
32              
32              
32              
32              
32              
32              
32              
32              
32              
32              
32              
32              
32              
32              
32              
32              
32              
32              
32              
32              
32              
32              
32              
32              
32              
32              
32              
32              
32              
32              
32              
32              
32              
32              
32              
32              
32              
32              
32              
32              
32              
32              
32              
32              
32              
32              
32              
32              
32              
32              
32              
32              
32              
32              
32              
32              
32              
32              
32              
32              
32              
32              
32              
32              
32              
32              
32              
32              
32              
32              
32              
32              
32              
32              
32              
32              
32              
32              
32              
32              
32              
32              
32              
32              
32              
32              
32              
32              
32              
32              
32              
32              
32              
32              
32              
32              
32              
32              
32              
32              
32              
32              
32              
32              
32              
32              
32              
32              
32              
32              
32              
32              
32              
32              
32              
32              
32              
32              
32              
32              
32              
32              
32              
32              
32              
32              
32              
32              
32              
32              
32              
32              
32              
32              
32              
32              
32              
32              
32              
32              
32              
32              
32              
32              
32              
32              
32              
32              
32              
32              
32              
32              
32              
32              
32              
32              
32              
32              
32              
32              
32              
32              
32              
32              
32              
32              
32              
32              
32              
32              
32              
32              
32              
32              
32              
32              
32              
32              
32              
32              
32              
32              
32              
32              
32              
32              
32              
32              
32              
32              
32              
32              
32              
32              
32              
32              
32              
32              
32              
32              
32              
32              
32              
32              
32              
32              
32              
32              
32              
32              
32              
32              
32              
32              
32              
32              
32              
32              
32              
32              
32              
32              
32              
32              
32              
32              
32              
32              
32              
32              
32              
32              
32              
32              
32              
32              
32              
32              
32              
32              
32              
32              
32              
32              
32              
32              
32              
32              
32              
32              
32              
32              
32              
32              
32              
32              
32              
32              
32              
32              
32              
32              
32              
32              
32              
32              
32              
32              
32              
32              
32              
32              
32              
32              
32              
32              
32              
32              
32              
32              
32              
32              
32              
32              
32              
32              
32              
32              
32              
32              
32              
32              
32              
32              
32              
32              
32              
32              
32              
32              
32              
32              
32              
32              
32              
32              
32              
32              
32              
32              
32              
32              
32              
32              
32              
32              
32              
32              
32              
32              
32              
32              
32              
32              
32              
32              
32              
32              
32              
32              
32              
32              
32              
32              
32              
32              
32              
32              
32              
32              
32              
32              
32              
32              
32              
32              
32              
32              
32              
32              
32              
32              
32              
32              
32              
32              
32              
32              
32              
32              
32              
32              
32              
32              
32              
32              
32              
32              
32              
32              
32              
32              
32              
32              
32              
32              
32              
32              
32              
32              
32              
32              
32              
32              
32              
32              
32              
32              
32              
32              
32              
32              
32              
32              
32              
32              
32              
32              
32              
32              
32              
32              
32              
32              
32              
32              
32              
32              
32              
32              
32              
32              
32              
32              
32              
32              
32              
32              
32              
32              
32              
32              
32              
32              
32              
32              
32              
32              
32              
32              
32              
32              
32              
32              
32              
32              
32              
32              
32              
32              
32              
32              
32              
32              
32              
32              
32              
32              
32              
32              
32              
32              
32              
32              
32              
32              
32              
32              
32              
32              
32              
32              
32              
32              
32              
32              
32              
32              
32              
32              
32              
32              
32              
32              
32              
32              
32              
32              
32              
32              
32              
32              
32              
32              
32              
32              
32              
32              
32              
32              
32              
32              
32              
0               
33              
32767           
30              
100             
50              
50              
-6              
-6              
-12             
-12             
0               
1               
200             
0               
-4              
-4              
32767           
6               
-12             
12              
-69             
-66             
-75             
-79             
-88             
-89             
-92             
-94             
-95             
-96             
-97             
-98             
-99             
-99             
-100            
-100            
-100            
-101            
-102            
-102            
-102            
-103            
-103            
-101            
-101            
-103            
-103            
-104            
-104            
-104            
-105            
-105            
-106            
-105            
-105            
-106            
-106            
-106            
-106            
-106            
-106            
-106            
-107            
-106            
-107            
-107            
-107            
-107            
-107            
-107            
-107            
-108            
-107            
-108            
-108            
-108            
-108            
-108            
-108            
-108            
-108            
-109            
-108            
-108            
-108            
-109            
-109            
-109            
-108            
-109            
-109            
-109            
-109            
-109            
-109            
-109            
-109            
-109            
-109            
-110            
-110            
-110            
-109            
-109            
-110            
-110            
-109            
-109            
-110            
-110            
-110            
-109            
-109            
-109            
-109            
-110            
-110            
-110            
-110            
-109            
-110            
-110            
-110            
-110            
-111            
-110            
-110            
-110            
-110            
-110            
-110            
-110            
-111            
-110            
-110            
-111            
-111            
-111            
-111            
-111            
-111            
-110            
-111            
-111            
-111            
-111            
-111            
-111            
-111            
-112            
-111            
-112            
-111            
-111            
-111            
-111            
-111            
-111            
-111            
-112            
-111            
-111            
-111            
-111            
-111            
-111            
-111            
-111            
-111            
-111            
-111            
-111            
-112            
-112            
-111            
-111            
-111            
-111            
-111            
-111            
-111            
-111            
-112            
-112            
-111            
-111            
-111            
-111            
-112            
-112            
-112            
-112            
-112            
-111            
-111            
-112            
-112            
-111            
-112            
-112            
-112            
-112            
-112            
-112            
-112            
-112            
-112            
-112            
-112            
-112            
-113            
-112            
-111            
-111            
-112            
-112            
-112            
-112            
-112            
-112            
-112            
-112            
-112            
-111            
-112            
-112            
-112            
-112            
-112            
-112            
-112            
-112            
-112            
-112            
-112            
-112            
-112            
-112            
-111            
-112            
-112            
-112            
-112            
-112            
-112            
-112            
-112            
-112            
-112            
-112            
-112            
-112            
-112            
-112            
-112            
-112            
-112            
-112            
-111            
-112            
-112            
-112            
-112            
-112            
-111            
-112            
-112            
-112            
-112            
-112            
-112            
-113            
-112            
-112            
-112            
-112            
-112            
-112            
-112            
-113            
-112            
-112            
-112            
-112            
-112            
-112            
-112            
-113            
-112            
-112            
-112            
-111            
-112            
-111            
-112            
-112            
-111            
-112            
-112            
-112            
-112            
-111            
-111            
-112            
-111            
-112            
-112            
-112            
-111            
-111            
-112            
-111            
-112            
-112            
-111            
-111            
-112            
-111            
-111            
-111            
-111            
-111            
-111            
-111            
-111            
-112            
-112            
-111            
-111            
-111            
-111            
-111            
-111            
-111            
-111            
-111            
-111            
-111            
-110            
-110            
-110            
-110            
-110            
-110            
-110            
-110            
-110            
-110            
-110            
-110            
-110            
-109            
-110            
-109            
-110            
-109            
-109            
-109            
-109            
-108            
-108            
-109            
-108            
-109            
-108            
-108            
-108            
-108            
-108            
-108            
-107            
-107            
-107            
-107            
-107            
-107            
-107            
-107            
-107            
-107            
-107            
-107            
-107            
-106            
-107            
-106            
-107            
-106            
-107            
-107            
-107            
-106            
-107            
-107            
-107            
-108            
-107            
-107            
-108            
-108            
-108            
-108            
-108            
-108            
-109            
-109            
-109            
-109            
-109            
-109            
-109            
-110            
-110            
-111            
-110            
-110            
-110            
-110            
-110            
-110            
-111            
-110            
-110            
-111            
-111            
-111            
-111            
-111            
-111            
-112            
-112            
-112            
-111            
-112            
-111            
-111            
-112            
-112            
-112            
-112            
-112            
-112            
-112            
-112            
-112            
-112            
-112            
-111            
-111            
-112            
-112            
-112            
-111            
-112            
-112            
-112            
-112            
-112            
-113            
-113            
-112            
-113            
-112            
-112            
-112            
-112            
-113            
-112            
-112            
-112            
-112            
-112            
-112            
-112            
-112            
-112            
-113            
-112            
-112            
-112            
-112            
-113            
-112            
-113            
-112            
-112            
-112            
-112            
-112            
-113            
-112            
-113            
-113            
-113            
-112            
-112            
-112            
-112            
-113            
-112            
-112            
-113            
-113            
-113            
-112            
-113            
-113            
-112            
-112            
-112            
-112            
-112            
-112            
-112            
-113            
-113            
-112            
-112            
-113            
-113            
-113            
-113            
-112            
-113            
-112            
-113            
-113            
-112            
-113            
-113            
-114            
-115            
-116            
-69             
-66             
-75             
-80             
-88             
-89             
-92             
-93             
-94             
-96             
-97             
-98             
-99             
-99             
-100            
-100            
-101            
-101            
-101            
-102            
-102            
-102            
-102            
-102            
-102            
-104            
-104            
-104            
-105            
-105            
-105            
-105            
-105            
-105            
-105            
-105            
-106            
-106            
-106            
-106            
-106            
-106            
-107            
-107            
-107            
-107            
-107            
-108            
-107            
-107            
-107            
-107            
-107            
-107            
-107            
-108            
-108            
-107            
-108            
-107            
-108            
-108            
-109            
-108            
-108            
-108            
-109            
-109            
-109            
-109            
-109            
-108            
-108            
-108            
-109            
-109            
-109            
-109            
-109            
-109            
-109            
-109            
-109            
-109            
-110            
-110            
-110            
-110            
-109            
-110            
-110            
-110            
-110            
-109            
-110            
-110            
-110            
-110            
-110            
-110            
-110            
-110            
-111            
-111            
-110            
-111            
-111            
-110            
-110            
-110            
-110            
-111            
-111            
-110            
-110            
-110            
-111            
-111            
-111            
-110            
-110            
-110            
-111            
-111            
-110            
-111            
-111            
-111            
-111            
-111            
-111            
-111            
-111            
-111            
-111            
-110            
-111            
-111            
-111            
-111            
-111            
-111            
-111            
-111            
-111            
-112            
-112            
-111            
-111            
-111            
-111            
-111            
-111            
-112            
-111            
-112            
-111            
-112            
-112            
-112            
-112            
-112            
-111            
-112            
-111            
-111            
-111            
-111            
-111            
-112            
-112            
-111            
-111            
-111            
-112            
-112            
-112            
-112            
-111            
-112            
-112            
-112            
-112            
-112            
-111            
-112            
-112            
-112            
-112            
-111            
-111            
-111            
-111            
-112            
-112            
-112            
-112            
-112            
-112            
-112            
-111            
-112            
-113            
-112            
-112            
-112            
-112            
-112            
-112            
-112            
-112            
-112            
-112            
-112            
-112            
-112            
-112            
-112            
-112            
-112            
-112            
-112            
-112            
-112            
-112            
-112            
-112            
-112            
-112            
-112            
-112            
-112            
-112            
-112            
-112            
-112            
-112            
-112            
-112            
-112            
-112            
-112            
-112            
-111            
-111            
-112            
-112            
-112            
-112            
-112            
-112            
-112            
-112            
-111            
-111            
-111            
-111            
-112            
-112            
-112            
-112            
-112            
-112            
-111            
-112            
-112            
-112            
-112            
-111            
-111            
-111            
-112            
-112            
-111            
-111            
-111            
-112            
-112            
-112            
-111            
-111            
-111            
-111            
-111            
-111            
-111            
-111            
-112            
-112            
-112            
-111            
-111            
-111            
-111            
-111            
-110            
-111            
-111            
-111            
-111            
-111            
-111            
-112            
-111            
-111            
-111            
-111            
-111            
-110            
-111            
-111            
-111            
-110            
-111            
-111            
-111            
-110            
-110            
-110            
-110            
-110            
-110            
-110            
-111            
-110            
-110            
-110            
-109            
-109            
-109            
-109            
-108            
-109            
-109            
-109            
-109            
-109            
-109            
-109            
-108            
-108            
-108            
-108            
-108            
-107            
-108            
-108            
-107            
-107            
-108            
-107            
-107            
-106            
-106            
-106            
-106            
-107            
-107            
-107            
-107            
-107            
-107            
-107            
-106            
-106            
-106            
-106            
-107            
-107            
-107            
-107            
-107            
-106            
-106            
-107            
-107            
-107            
-107            
-107            
-108            
-108            
-108            
-108            
-108            
-108            
-108            
-109            
-109            
-109            
-108            
-109            
-109            
-109            
-109            
-110            
-110            
-110            
-109            
-110            
-110            
-111            
-111            
-111            
-111            
-111            
-110            
-111            
-111            
-110            
-111            
-111            
-111            
-111            
-111            
-111            
-112            
-112            
-111            
-111            
-111            
-112            
-111            
-111            
-112            
-111            
-112            
-112            
-112            
-112            
-112            
-112            
-112            
-112            
-112            
-112            
-112            
-112            
-113            
-112            
-112            
-112            
-112            
-112            
-113            
-112            
-112            
-112            
-112            
-112            
-112            
-112            
-112            
-112            
-111            
-112            
-113            
-112            
-112            
-112            
-112            
-112            
-112            
-113            
-113            
-113            
-112            
-112            
-112            
-113            
-112            
-112            
-113            
-113            
-112            
-113            
-113            
-112            
-113            
-112            
-112            
-113            
-113            
-113            
-113            
-113            
-112            
-112            
-113            
-112            
-112            
-112            
-112            
-112            
-113            
-113            
-112            
-113            
-113            
-113            
-113            
-112            
-112            
-112            
-112            
-112            
-113            
-113            
-113            
-113            
-115            
-115            
-115            
-117            
0               
0               
6               
0               
-15             
1               
0               
-12             
2344            
4687            
0               
-15             
-3              
-20             
1               
9830            
1638            
655             
0               
-20             
0               
-20             
300             
300             
0               
0               
0               
0               
32767           
0               
4               
10976           
0               
-96             
28642           
0               
0               
-13             
27000           
27000           
27000           
27000           
16384           
-12             
-18             
96              
440             
6826            
6826            
6826            
6826            
6826            
0               
1               
20              
-3              
-15             
-15             
1               
0               
-6              
-6              
1000            
1000            
3               
3               
0               
0               
300             
0               
100             
1               
1               
17000           
1               
100             
3               
-2560           
19000           
100             
-1536           
9000            
100             
-2048           
14000           
100             
0               
19000           
100             
0               
3800            
250             
-5632           
15500           
200             
0               
300             
200             
0               
1000            
100             
0               
20              
96              
0               
20              
96              
2               
0               
200             
100             
-16             
2000            
100             
-16             
1               
1               
20              
5               
0               
20              
0               
0               
2000            
5000            
-96             
-80             
-50             
-30             
0               
-96             
-80             
-50             
-30             
0               
0               
0               
700             
2               
1               
20              
0               
0               
10000           
10000           
-96             
0               
0               
0               
0               
-96             
0               
0               
0               
0               
1               
0               
20              
2               
1               
20              
0               
0               
10000           
10000           
-96             
0               
0               
0               
0               
-96             
0               
0               
0               
0               
1               
0               
20              
2               
1               
20              
0               
0               
10000           
10000           
-96             
0               
0               
0               
0               
-96             
0               
0               
0               
0               
1               
0               
20              
2               
1               
20              
0               
0               
10000           
10000           
-96             
0               
0               
0               
0               
-96             
0               
0               
0               
0               
1               
0               
1               
20              
5               
0               
20              
0               
0               
2000            
5000            
-96             
-85             
-50             
-30             
0               
-96             
-85             
-50             
-30             
-28             
0               
0               
1               
-5              
27              
0               
0               
90              
75              
100             
10              
10              
0               
0               
-20             
-20             
-96             
-20             
-6              
1               
50              
50              
10              
0               
0               
0               
0               
40              
22              
43              
0               
132             
0               
92              
0               
4               
4               
10              
0               
0               
1               
2               
1               
0               
0               
0               
0               
0               
-31             
0               
15              
96              
86              
6826            
6826            
6826            
6826            
6826            
6826            
6826            
6826            
6826            
6826            

// Volume 0
